3,4,5 (1,2)
15,8,17 (1,4)
35,12,37 (1,6)
63,16,65 (1,8)
99,20,101 (1,10)
143,24,145 (1,12)
195,28,197 (1,14)
255,32,257 (1,16)
323,36,325 (1,18)
5,12,13 (2,3)
21,20,29 (2,5)
45,28,53 (2,7)
77,36,85 (2,9)
117,44,125 (2,11)
165,52,173 (2,13)
221,60,229 (2,15)
285,68,293 (2,17)
7,24,25 (3,4)
55,48,73 (3,8)
91,60,109 (3,10)
187,84,205 (3,14)
247,96,265 (3,16)
9,40,41 (4,5)
33,56,65 (4,7)
65,72,97 (4,9)
105,88,137 (4,11)
153,104,185 (4,13)
209,120,241 (4,15)
273,136,305 (4,17)
11,60,61 (5,6)
39,80,89 (5,8)
119,120,169 (5,12)
171,140,221 (5,14)
231,160,281 (5,16)
299,180,349 (5,18)
13,84,85 (6,7)
85,132,157 (6,11)
133,156,205 (6,13)
253,204,325 (6,17)
51,140,149 (7,10)
207,224,305 (7,16)
275,252,373 (7,18)
17,144,145 (8,9)
57,176,185 (8,11)
105,208,233 (8,13)
161,240,289 (8,15)
225,272,353 (8,17)
19,180,181 (9,10)
115,252,277 (9,14)
175,288,337 (9,16)
21,220,221 (10,11)
69,260,269 (10,13)
189,340,389 (10,17)
23,264,265 (11,12)
75,308,317 (11,14)
135,352,377 (11,16)
203,396,445 (11,18)
25,312,313 (12,13)
145,408,433 (12,17)
27,364,365 (13,14)
87,416,425 (13,16)
155,468,493 (13,18)
29,420,421 (14,15)
93,476,485 (14,17)
31,480,481 (15,16)
33,544,545 (16,17)
35,612,613 (17,18)
